#######################################################################################################
#*****************************************************************************************************#
#*@-------------------------------------------------------------------------------------------------@*#
#*| 0 1 1 2 3 5 8 1 3 2 1 3 4 5 5 8 9 1 4 4 2 3 3 3 7 7 6 1 0 9 8 7 1 5 9 7 2 5 8 4 4 1 8 1 6 7 6 5 |*#
#*| 4                                                                                             1 |*#
#*| 3                                                                                             0 |*#
#*| 1  Ja, Arkadiusz Tyrański oświadczam uroczście, iż niniejsze zadanie wykonałem samodzielnie.  9 |*#
#*| 0                                                                                             4 |*#
#*| 4                                                                                             6 |*#
#*| 0 2 3 8 9 2 2 4 1 5 1 1 8 7 1 3 8 1 4 6 9 1 3 9 3 1 2 1 5 2 0 5 7 8 6 3 6 4 7 5 6 8 2 1 1 7 7 1 |*#
#*@-------------------------------------------------------------------------------------------------@*#
#*****************************************************************************************************#
#######################################################################################################